0.784011	-0.138606	2.35481	-0.138927	
0.779859	-0.276438	2.35063	-0.279002	
0.772964	-0.412705	2.34363	-0.421354	
0.763367	-0.546584	2.33375	-0.567064	
0.751123	-0.677201	2.32092	-0.717146	
0.736307	-0.803617	2.30503	-0.872523	
0.719013	-0.92481	2.28598	-1.03401	
0.699357	-1.03966	2.26363	-1.20228	
0.677477	-1.14695	2.23784	-1.37787	
0.653538	-1.24532	2.20846	-1.56113	
0.627733	-1.33331	2.17534	-1.75225	
0.600285	-1.40932	2.13832	-1.95123	
0.571452	-1.47163	2.09724	-2.15791	
0.541524	-1.51842	2.05195	-2.37198	
0.510831	-1.54779	2.00231	-2.59303	
0.479742	-1.55777	1.94819	-2.82061	
0.448663	-1.54638	1.88945	-3.05434	
0.418042	-1.51163	1.82597	-3.29397	
0.388366	-1.45158	1.75765	-3.53959	
0.360161	-1.3643	1.68435	-3.79177	
0.333988	-1.24795	1.60593	-4.05178	
0.310449	-1.10063	1.52221	-4.32182	
0.290182	-0.920407	1.43297	-4.60529	
0.273866	-0.705221	1.33788	-4.90703	
0.262221	-0.452899	1.23652	-5.23346	
0.256011	-0.1615	1.12832	-5.59238	
0.256026	0.169434	1.01255	-5.9916	
0.263025	0.53528	0.888363	-6.43451	
0.277555	0.917517	0.754955	-6.90873	
0.29952	1.2671	0.612126	-7.36359	
0.327402	1.49059	0.461265	-7.68938	
0.357575	1.48292	0.306307	-7.75687	
0.384982	1.22056	0.152951	-7.53739	
0.40525	0.787305	0.00603144	-7.13585	
0.416042	0.287421	-0.132116	-6.6767	
0.416742	-0.214656	-0.261119	-6.22799	
0.407632	-0.690985	-0.381443	-5.80946	
0.38934	-1.13196	-0.493682	-5.41822	
0.362607	-1.53499	-0.598287	-5.04424	
0.328197	-1.89965	-0.695495	-4.67693	
0.286875	-2.22619	-0.785349	-4.30747	
0.2394	-2.51514	-0.867736	-3.92946	
0.186514	-2.76752	-0.942443	-3.53896	
0.128932	-2.985	-1.0092	-3.13419	
0.0673304	-3.17006	-1.06772	-2.71515	
0.00232427	-3.32603	-1.11772	-2.28319	
-0.0655438	-3.45699	-1.15897	-1.84051	
-0.13582	-3.56761	-1.19128	-1.38965	
-0.208146	-3.66296	-1.21452	-0.933201	
-0.28227	-3.74817	-1.22859	-0.473501	
-0.358038	-3.82814	-1.23345	-0.0126741	
-0.435389	-3.90698	-1.22911	0.446994	
-0.514327	-3.98716	-1.2156	0.902063	
-0.594882	-4.06808	-1.1931	1.34599	
-0.677018	-4.14376	-1.16192	1.76591	
-0.760505	-4.19997	-1.12277	2.13878	
-0.844731	-4.21317	-1.07691	2.43004	
-0.92856	-4.15611	-1.02637	2.60185	
-1.01039	-4.01233	-0.973783	2.63374	
-1.08852	-3.78906	-0.921865	2.54044	
-1.1616	-3.51324	-0.872714	2.36525	
-1.2289	-3.21497	-0.82748	2.15573	
-1.2902	-2.91581	-0.786478	1.9465	
-1.3456	-2.62704	-0.749489	1.75654	
-1.39537	-2.35269	-0.716034	1.59372	
-1.43981	-2.09297	-0.685548	1.45963	
-1.47918	-1.84633	-0.657467	1.35284	
-1.51373	-1.61068	-0.63127	1.27063	
-1.54367	-1.38387	-0.606498	1.20988	
-1.56913	-1.16396	-0.582753	1.1674	
-1.59026	-0.94925	-0.559701	1.14013	
-1.60713	-0.738281	-0.537066	1.12516	
-1.61981	-0.52984	-0.514631	1.11969	
-1.62833	-0.322915	-0.492233	1.12104	
-1.63273	-0.116681	-0.469762	1.1266	
-1.633	0.0895302	-0.447159	1.13381	
-1.62914	0.296242	-0.424416	1.14013	
-1.62115	0.503854	-0.401576	1.143	
-1.60898	0.712656	-0.378736	1.13987	
-1.59263	0.922854	-0.356039	1.12814	
-1.57206	1.13459	-0.333685	1.1052	
-1.54723	1.34799	-0.311923	1.06838	
-1.51813	1.5632	-0.29106	1.015	
-1.48469	1.78043	-0.271452	0.94235	
-1.44689	2.00006	-0.253513	0.847674	
-1.40467	2.22273	-0.23771	0.728171	
-1.35796	2.44943	-0.224571	0.580951	
-1.30666	2.68164	-0.214677	0.402979	
-1.25064	2.92151	-0.208678	0.190997	
-1.18973	3.17197	-0.207288	-0.0585659	
-1.12367	3.43691	-0.211297	-0.349627	
-1.05212	3.72106	-0.221577	-0.686238	
-0.974661	4.02955	-0.239073	-1.07168	
-0.890752	4.3661	-0.264771	-1.50573	
-0.799841	4.72836	-0.299562	-1.97769	
-0.701561	5.09776	-0.343905	-2.45181	
-0.596201	5.42523	-0.397123	-2.84722	
-0.485364	5.63171	-0.456436	-3.04027	
-0.372173	5.6562	-0.516709	-2.93595	
-0.260236	5.5158	-0.572008	-2.55642	
-0.152143	5.28469	-0.617867	-2.01167	
-0.0490051	5.02855	-0.65207	-1.40422	
0.0490554	4.77995	-0.67401	-0.791637	
0.142303	4.5475	-0.683867	-0.198177	
0.231046	4.32845	-0.682121	0.367888	
0.315485	4.11594	-0.66935	0.904203	
0.395676	3.90238	-0.646157	1.41	
0.471527	3.68076	-0.613158	1.88466	
0.542814	3.44522	-0.570982	2.32752	
0.609212	3.19125	-0.520272	2.73819	
0.67032	2.91573	-0.461668	3.117	
0.725685	2.61682	-0.395795	3.46542	
0.774831	2.29378	-0.323234	3.78637	
0.817275	1.9466	-0.244493	4.08447	
0.852537	1.57575	-0.159966	4.36613	
0.88015	1.18171	-0.0699034	4.63947	
0.899653	0.764781	0.0256217	4.91413	
0.91059	0.325209	0.126741	5.20063	
0.912517	-0.135857	0.233792	5.50868	
0.905044	-0.613318	0.347266	5.84292	
0.887976	-1.09117	0.467625	6.19332	
0.861643	-1.53087	0.594845	6.51874	
0.827448	-1.86436	0.727656	6.73593	
0.788272	-2.02025	0.86292	6.75239	
0.747941	-1.9846	0.996243	6.54743	
0.709774	-1.81706	1.12383	6.19495	
0.675612	-1.5953	1.24371	5.7908	
0.64597	-1.37117	1.35553	5.39596	
0.620618	-1.16851	1.45978	5.03515	
0.599033	-0.995042	1.5572	4.71311	
0.580617	-0.851405	1.64854	4.42656	
0.564791	-0.735674	1.73446	4.16992	
0.551021	-0.645283	1.8155	3.93754	
0.538827	-0.577738	1.89209	3.72441	
0.527774	-0.530834	1.96457	3.52635	
0.517469	-0.502688	2.03322	3.33987	
0.507552	-0.491704	2.09823	3.16206	
0.497695	-0.496523	2.15974	2.99049	
0.487594	-0.515973	2.21787	2.82306	
0.476966	-0.549033	2.27268	2.65794	
0.465548	-0.594789	2.3242	2.4935	
0.453095	-0.652414	2.37242	2.32827	
0.439377	-0.721131	2.41731	2.1609	
0.424181	-0.800194	2.45883	1.99016	
0.407306	-0.888856	2.49689	1.81491	
0.388568	-0.986343	2.53139	1.63416	
0.367799	-1.09183	2.56221	1.44704	
0.344848	-1.20438	2.58922	1.2529	
0.319583	-1.32297	2.61228	1.05127	
0.291896	-1.44641	2.63122	0.841984	
0.261703	-1.57334	2.64591	0.625156	
0.228949	-1.70223	2.65618	0.401255	
0.193613	-1.83134	2.66192	0.171103	
0.155707	-1.9588	2.66299	-0.0641306	
0.115285	-2.0826	2.65933	-0.302962	
0.072441	-2.20068	2.65086	-0.543657	
0.0273101	-2.31095	2.63758	-0.78432	
-0.0199315	-2.41142	2.6195	-1.023	
-0.069069	-2.50024	2.59669	-1.25779	
-0.119853	-2.57579	2.56923	-1.48694	
-0.172003	-2.63666	2.53726	-1.70896	
-0.225214	-2.68178	2.50093	-1.9226	
-0.279163	-2.7103	2.46041	-2.12693	
-0.333511	-2.72164	2.41592	-2.32131	
-0.387911	-2.71543	2.36763	-2.50531	
-0.44201	-2.69144	2.31577	-2.67865	
-0.49545	-2.64953	2.26056	-2.84112	
-0.547871	-2.58958	2.2022	-2.99253	
-0.598912	-2.5115	2.14093	-3.13257	
-0.648209	-2.41512	2.07698	-3.26084	
-0.695394	-2.30029	2.01058	-3.37684	
-0.740096	-2.16687	1.94199	-3.47999	
-0.781944	-2.01478	1.87147	-3.56975	
-0.820564	-1.84414	1.79929	-3.64577	
-0.855588	-1.65534	1.72573	-3.70805	
-0.886661	-1.44911	1.65106	-3.75709	
-0.913444	-1.22659	1.57553	-3.79411	
-0.935626	-0.989307	1.49936	-3.82106	
-0.95293	-0.739098	1.42273	-3.84071	
-0.965117	-0.477939	1.34576	-3.85655	
-0.971987	-0.207754	1.26847	-3.87271	
-0.973378	0.0698275	1.19082	-3.89383	
-0.969152	0.353716	1.11265	-3.92492	
-0.95919	0.643601	1.03372	-3.97141	
-0.943364	0.94019	0.953653	-4.03914	
-0.921524	1.24547	0.871967	-4.13467	
-0.893464	1.56301	0.788031	-4.26567	
-0.858886	1.89845	0.701042	-4.44169	
-0.817352	2.26019	0.60998	-4.6753	
-0.768223	2.66041	0.513533	-4.98369	
-0.710565	3.11642	0.409976	-5.39096	
-0.64304	3.65153	0.297021	-5.92962	
-0.563807	4.29048	0.171673	-6.6352	
-0.470724	5.02908	0.0304737	-7.50516	
-0.362847	5.72484	-0.128469	-8.34812	
-0.244688	5.9852	-0.299607	-8.62526	
-0.127934	5.60561	-0.467488	-8.05081	
-0.0223016	4.94567	-0.619263	-7.11325	
0.0701967	4.32108	-0.752528	-6.23813	
0.151316	3.80982	-0.869893	-5.52504	
0.223276	3.4014	-0.974484	-4.95488	
0.287895	3.07178	-1.0688	-4.49206	
0.346536	2.80067	-1.15468	-4.10742	
0.400211	2.5732	-1.23348	-3.77998	
0.449683	2.37871	-1.30617	-3.49508	
0.495528	2.20948	-1.37349	-3.24245	
0.538191	2.05972	-1.43603	-3.01488	
0.578016	1.92496	-1.49422	-2.80732	
0.615266	1.8016	-1.54843	-2.61626	
0.650136	1.68665	-1.59897	-2.43936	
0.68277	1.57753	-1.64609	-2.27513	
0.713261	1.47198	-1.69005	-2.12269	
0.74166	1.36804	-1.73107	-1.98158	
0.767982	1.26401	-1.76939	-1.85161	
0.79221	1.15847	-1.80521	-1.73267	
0.814303	1.05032	-1.83877	-1.62465	
0.8342	0.938735	-1.87027	-1.52731	
0.851826	0.823229	-1.89993	-1.44026	
0.867102	0.70359	-1.92795	-1.36293	
0.879943	0.579858	-1.95451	-1.29458	
0.89027	0.452281	-1.97978	-1.23435	
0.898011	0.321261	-2.00393	-1.1813	
0.903101	0.187309	-2.02708	-1.13446	
0.905488	0.0510065	-2.04934	-1.09286	
0.90513	-0.0870245	-2.07082	-1.05558	
0.901999	-0.226137	-2.09159	-1.02173	
0.896082	-0.365668	-2.1117	-0.990442	
0.887374	-0.504931	-2.13122	-0.960888	
0.875891	-0.643215	-2.15015	-0.932223	
0.861657	-0.779765	-2.16851	-0.903569	
0.844717	-0.913775	-2.18628	-0.873981	
0.825129	-1.04437	-2.20345	-0.842414	
0.802971	-1.17059	-2.21996	-0.807702	
0.778342	-1.29141	-2.23573	-0.768543	
0.751359	-1.4057	-2.25066	-0.723494	
0.722165	-1.51229	-2.26462	-0.670987	
0.690927	-1.60995	-2.27744	-0.609362	
0.657834	-1.69748	-2.28892	-0.536926	
0.623103	-1.7737	-2.29883	-0.452036	
0.586968	-1.83762	-2.30691	-0.353199	
0.549686	-1.88842	-2.31286	-0.239195	
0.511522	-1.92565	-2.31637	-0.109205	
0.472751	-1.94924	-2.31712	0.0370795	
0.433641	-1.95963	-2.31478	0.199366	
0.394447	-1.95778	-2.30904	0.376729	
0.355401	-1.9452	-2.29962	0.567641	
0.316697	-1.92391	-2.28626	0.770072	
0.278487	-1.8963	-2.26876	0.981664	
0.240869	-1.86509	-2.24695	1.19994	
0.203889	-1.8331	-2.22073	1.42254	
0.167532	-1.80319	-2.19003	1.64742	
0.131729	-1.77809	-2.15483	1.87309	
0.0963584	-1.7604	-2.11511	2.09866	
0.0612477	-1.7525	-2.07088	2.324	
0.0261784	-1.75662	-2.02215	2.54975	
-0.00911157	-1.77492	-1.96888	2.77737	
-0.0449276	-1.8096	-1.91103	3.00918	
-0.0816207	-1.86305	-1.84847	3.24846	
-0.119593	-1.93804	-1.78101	3.49958	
-0.159309	-2.03804	-1.70837	3.76831	
-0.20131	-2.1675	-1.63011	4.0622	
-0.246244	-2.33233	-1.54565	4.39115	
-0.29489	-2.54027	-1.45415	4.76814	
-0.348206	-2.80101	-1.35449	5.20951	
-0.407351	-3.12456	-1.24521	5.73331	
-0.473632	-3.51348	-1.12454	6.34931	
-0.548143	-3.93682	-0.990816	7.02448	
-0.630565	-4.27427	-0.844131	7.60651	
-0.717044	-4.30729	-0.689137	7.80922	
-0.800082	-3.93935	-0.535244	7.5102	
-0.873086	-3.34219	-0.390489	6.94752	
-0.933568	-2.70949	-0.257313	6.38202	
-0.981768	-2.11974	-0.134536	5.91394	
-1.01872	-1.58387	-0.0200458	5.5515	
-1.04542	-1.09283	0.0881043	5.27623	
-1.06266	-0.635352	0.19144	5.06667	
-1.071	-0.202648	0.291083	4.90402	
-1.07089	0.210978	0.387808	4.77259	
-1.06267	0.60847	0.482105	4.65909	
-1.04665	0.990529	0.574214	4.55196	
-1.02316	1.35611	0.664158	4.44099	
-0.992533	1.70289	0.751767	4.31712	
-0.955187	2.02778	0.836704	4.17249	
-0.911591	2.32733	0.918485	4.00057	
-0.862284	2.5983	0.996511	3.79639	
-0.807868	2.83798	1.0701	3.55667	
-0.748986	3.04464	1.13853	3.27998	
-0.686306	3.21772	1.20106	2.96669	
-0.620496	3.35802	1.25697	2.61887	
-0.55219	3.4677	1.3056	2.23998	
-0.481969	3.55021	1.34639	1.8345	
-0.410333	3.61011	1.37884	1.40745	
-0.337679	3.65287	1.40258	0.963806	
-0.264292	3.68459	1.41731	0.508027	
-0.190326	3.7118	1.42284	0.0434613	
-0.115804	3.74135	1.41901	-0.428084	
-0.0406094	3.7803	1.40567	-0.906763	
0.0355203	3.83612	1.38267	-1.39504	
0.113001	3.91679	1.34977	-1.89803	
0.192416	4.03113	1.3066	-2.42368	
0.274534	4.1887	1.2526	-2.98251	
0.360313	4.39852	1.187	-3.58556	
0.450849	4.66367	1.10885	-4.23666	
0.547115	4.96477	1.01737	-4.90939	
0.649195	5.22577	0.912996	-5.49968	
0.754873	5.29753	0.799311	-5.80352	
0.859037	5.07065	0.683831	-5.67547	
0.956193	4.62197	0.574432	-5.23207	
1.04351	4.10905	0.475098	-4.70149	
1.12075	3.6233	0.38604	-4.21699	
1.18879	3.18945	0.305847	-3.81686	
1.24866	2.80435	0.232814	-3.49929	
1.30122	2.45787	0.165407	-3.25196	
1.34716	2.13996	0.102353	-3.06211	
1.38696	1.84236	0.0426121	-2.91897	
1.42095	1.55869	-0.014659	-2.81385	
1.44937	1.28414	-0.0701485	-2.73976	
1.47235	1.01514	-0.124417	-2.69088	
1.48999	0.749156	-0.177918	-2.66215	
1.50233	0.484459	-0.231007	-2.64904	
1.50937	0.220044	-0.283955	-2.64723	
1.51113	-0.0444728	-0.336944	-2.65256	
1.50759	-0.308913	-0.390077	-2.66087	
1.49878	-0.572593	-0.443371	-2.668	
1.4847	-0.834376	-0.496761	-2.66976	
1.46542	-1.09275	-0.550098	-2.66196	
1.44103	-1.34588	-0.603148	-2.64049	
1.41164	-1.59175	-0.6556	-2.60142	
1.37742	-1.82821	-0.707063	-2.54106	
1.33859	-2.05317	-0.757078	-2.45613	
1.29538	-2.26467	-0.805125	-2.34382	
1.2481	-2.46104	-0.850634	-2.20192	
1.19705	-2.64105	-0.892995	-2.02895	
1.14257	-2.80402	-0.931579	-1.82417	
1.085	-2.94997	-0.96575	-1.58764	
1.02468	-3.07969	-0.994878	-1.32017	
0.961914	-3.19483	-1.01836	-1.02324	
0.896968	-3.29794	-1.03562	-0.698812	
0.830054	-3.39244	-1.04614	-0.34901	
0.7613	-3.48263	-1.04943	0.0242267	
0.690743	-3.57366	-1.04503	0.419622	
0.618308	-3.67155	-1.0325	0.8371	
0.543789	-3.78334	-1.01138	1.27842	
0.466826	-3.91739	-0.981174	1.74792	
0.386878	-4.08386	-0.941229	2.25343	
0.303172	-4.2955	-0.890715	2.80741	
0.214651	-4.5684	-0.828491	3.42791	
0.119901	-4.92157	-0.753003	4.13776	
0.017146	-5.36996	-0.662258	4.95457	
-0.0954276	-5.8933	-0.554274	5.84695	
-0.218205	-6.35117	-0.429126	6.61594	
-0.34698	-6.44363	-0.293344	6.84128	
-0.472562	-6.0506	-0.160405	6.35915	
-0.587559	-5.43827	-0.0411319	5.55042	
-0.690287	-4.84751	0.061807	4.76032	
-0.782088	-4.34845	0.150125	4.09328	
-0.864809	-3.93674	0.226354	3.54814	
-0.940008	-3.59284	0.292706	3.10153	
-1.00885	-3.29864	0.350924	2.7315	
-1.07219	-3.04015	0.402364	2.42147	
-1.13063	-2.80702	0.448102	2.1596	
-1.18459	-2.5916	0.489012	1.93749	
-1.23437	-2.38818	0.525827	1.74915	
-1.28017	-2.19244	0.559174	1.59013	
-1.3221	-2.00116	0.589604	1.45704	
-1.36023	-1.81189	0.61761	1.34714	
-1.39457	-1.62284	0.643629	1.25804	
-1.42513	-1.43275	0.668055	1.18758	
-1.45187	-1.24081	0.691242	1.13362	
-1.47475	-1.04655	0.713496	1.09404	
-1.49372	-0.849859	0.735085	1.06669	
-1.50873	-0.650841	0.75623	1.04931	
-1.51974	-0.44984	0.777109	1.03963	
-1.52671	-0.247369	0.797851	1.03532	
-1.52963	-0.0440799	0.818542	1.03402	
-1.52847	0.159264	0.839216	1.03338	
-1.52326	0.361816	0.859865	1.03105	
-1.51401	0.562669	0.880432	1.02472	
-1.50077	0.760873	0.900813	1.01215	
-1.4836	0.95545	0.920861	0.991105	
-1.46259	1.14542	0.940386	0.959461	
-1.43782	1.3298	0.959155	0.915159	
-1.40944	1.50769	0.976895	0.856253	
-1.37756	1.67824	0.993296	0.780937	
-1.34236	1.84076	1.00801	0.687591	
-1.30399	1.99475	1.02067	0.57483	
-1.26263	2.13998	1.03087	0.441554	
-1.21845	2.27657	1.03819	0.28699	
-1.17162	2.40507	1.0422	0.110708	
-1.12229	2.5265	1.04247	-0.087405	
-1.0706	2.64244	1.03856	-0.307214	
-1.01662	2.75504	1.03004	-0.548479	
-0.9604	2.86708	1.01648	-0.811064	
-0.901917	2.98198	0.997455	-1.09522	
-0.841074	3.10389	0.972522	-1.40195	
-0.777682	3.23785	0.941212	-1.73344	
-0.711439	3.39002	0.902994	-2.09368	
-0.641909	3.56812	0.857231	-2.48922	
-0.568476	3.78217	0.803123	-2.93024	
-0.490295	4.04549	0.739619	-3.432	
-0.406211	4.37591	0.665294	-4.01649	
-0.314662	4.79589	0.578216	-4.7125	
-0.213637	5.32554	0.475869	-5.54574	
-0.101001	5.94561	0.355613	-6.48725	
0.0237343	6.48689	0.217144	-7.29905	
0.155401	6.58063	0.0680822	-7.46521	
0.283105	6.12306	-0.0759535	-6.84247	
0.399029	5.4646	-0.203709	-5.92434	
0.502106	4.86042	-0.313437	-5.07106	
0.594194	4.36635	-0.407546	-4.36391	
0.677403	3.96864	-0.488861	-3.78676	
0.753422	3.64363	-0.559679	-3.30945	
0.823499	3.37147	-0.621737	-2.90715	
0.888534	3.13742	-0.676345	-2.56204	
0.949177	2.93066	-0.724517	-2.26186	
1.00589	2.74318	-0.767062	-1.99821	
1.05899	2.56892	-0.80465	-1.76537	
1.1087	2.4032	-0.837855	-1.55938	
1.15515	2.2424	-0.867186	-1.3775	
1.19841	2.08366	-0.893102	-1.21768	
1.2385	1.92483	-0.91603	-1.07835	
1.27539	1.76428	-0.936363	-0.958104	
1.30905	1.60087	-0.954472	-0.855594	
1.3394	1.4339	-0.970696	-0.769415	
1.36638	1.26302	-0.985347	-0.698053	
1.3899	1.08818	-0.998706	-0.639865	
1.40988	0.909601	-1.01102	-0.593087	
1.42626	0.727692	-1.02249	-0.555858	
1.43897	0.543015	-1.0333	-0.526254	
1.44797	0.356236	-1.04358	-0.502313	
1.45321	0.168101	-1.05342	-0.482067	
1.45469	-0.0206016	-1.06288	-0.463557	
1.45239	-0.209048	-1.07196	-0.444844	
1.44633	-0.396396	-1.08065	-0.42401	
1.43655	-0.581794	-1.08889	-0.399156	
1.42308	-0.764385	-1.09658	-0.368402	
1.406	-0.943323	-1.10358	-0.329886	
1.38538	-1.11778	-1.10971	-0.281776	
1.36132	-1.287	-1.11477	-0.222292	
1.33394	-1.45029	-1.11852	-0.149734	
1.30335	-1.60712	-1.12067	-0.0625327	
1.2697	-1.75714	-1.12091	0.0407072	
1.23311	-1.90028	-1.11892	0.161156	
1.19373	-2.03679	-1.11434	0.299728	
1.15168	-2.16732	-1.10681	0.457072	
1.10707	-2.29297	-1.09593	0.633607	
1.05998	-2.41533	-1.08133	0.829606	
1.01046	-2.53651	-1.06262	1.04534	
0.958512	-2.6592	-1.03939	1.28127	
0.904064	-2.7867	-1.01123	1.53836	
0.846985	-2.92303	-0.9777	1.81837	
0.787052	-3.07311	-0.938319	2.12435	
0.723929	-3.2431	-0.89252	2.46123	
0.657143	-3.44084	-0.839614	2.83661	
0.586042	-3.67672	-0.778724	3.262	
0.509728	-3.96479	-0.70869	3.75435	
0.426978	-4.32406	-0.627945	4.33785	
0.336133	-4.77833	-0.534361	5.0437	
0.235073	-5.34681	-0.4252	5.89703	
0.121669	-5.99703	-0.297742	6.85139	
-0.00400539	-6.51629	-0.152354	7.60952	
-0.135372	-6.51515	0.00151111	7.62804	
-0.260925	-5.98389	0.147542	6.89482	
-0.373851	-5.3111	0.276016	5.95437	
-0.473941	-4.71684	0.386463	5.11561	
-0.563292	-4.23614	0.481671	4.42932	
-0.644015	-3.84986	0.564488	3.87099	
-0.717753	-3.53383	0.637151	3.40921	
-0.785706	-3.26875	0.701334	3.01946	
-0.848747	-3.04046	0.758293	2.68445	
-0.9075	-2.83861	0.808997	2.39233	
-0.962415	-2.65553	0.854217	2.13498	
-1.01381	-2.48538	0.894591	1.90688	
-1.06189	-2.32366	0.930662	1.70423	
-1.10679	-2.16681	0.962912	1.52437	
-1.14857	-2.01206	0.991776	1.36536	
-1.18727	-1.85726	1.01766	1.22569	
-1.22285	-1.70079	1.04092	1.10404	
-1.25528	-1.54154	1.06193	0.999146	
-1.28449	-1.37877	1.08099	0.909657	
-1.31041	-1.21216	1.09841	0.834125	
-1.33295	-1.04167	1.11444	0.770969	
-1.35205	-0.867526	1.12932	0.71849	
-1.36763	-0.69016	1.14324	0.674897	
-1.37964	-0.510148	1.15636	0.638347	
-1.38802	-0.328174	1.16881	0.606979	
-1.39276	-0.14499	1.18066	0.578936	
-1.39382	0.0386085	1.19197	0.552391	
-1.39121	0.221799	1.20276	0.525547	
-1.38496	0.403741	1.21298	0.496638	
-1.37508	0.583583	1.2226	0.463916	
-1.36163	0.760464	1.2315	0.425649	
-1.34469	0.933521	1.23957	0.380108	
-1.32432	1.1019	1.24665	0.325575	
-1.30065	1.26479	1.25252	0.260358	
-1.27377	1.42144	1.25698	0.182827	
-1.24383	1.57123	1.25975	0.0914552	
-1.21097	1.71371	1.26054	-0.0151167	
-1.17534	1.84869	1.25903	-0.138024	
-1.13707	1.9763	1.2549	-0.278124	
-1.09633	2.09706	1.24779	-0.435973	
-1.05323	2.21194	1.23734	-0.611834	
-1.00788	2.32238	1.22319	-0.805746	
-0.960353	2.43033	1.20499	-1.01764	
-0.910669	2.53826	1.18237	-1.24753	
-0.858803	2.64916	1.15497	-1.49574	
-0.804659	2.76662	1.12241	-1.76325	
-0.748066	2.89489	1.0843	-2.05199	
-0.688758	3.03911	1.04017	-2.3654	
-0.626354	3.20562	0.989481	-2.70897	
-0.560331	3.40258	0.931553	-3.09115	
-0.489977	3.64078	0.865495	-3.52459	
-0.414328	3.93492	0.790107	-4.02778	
-0.332077	4.30486	0.703747	-4.62689	
-0.241466	4.77487	0.604173	-5.35474	
-0.140294	5.36101	0.488533	-6.23342	
-0.0265361	6.01217	0.354221	-7.19268	
0.0989606	6.46976	0.202594	-7.87452	
0.228223	6.35057	0.0448898	-7.74772	
0.349643	5.74687	-0.102648	-6.94379	
0.457595	5.05596	-0.232158	-6.01795	
0.552547	4.45873	-0.344294	-5.22284	
0.636697	3.97347	-0.44213	-4.58501	
0.712081	3.5777	-0.528542	-4.07472	
0.78024	3.24743	-0.605756	-3.6604	
0.842289	2.96413	-0.675437	-3.31823	
0.899028	2.7144	-0.738852	-3.03143	
0.951024	2.48852	-0.796985	-2.78841	
0.99868	2.27939	-0.850625	-2.58101	
1.04228	2.08168	-0.900424	-2.40342	
1.082	1.89141	-0.946932	-2.25137	
1.11796	1.70555	-0.990627	-2.12159	
1.15023	1.52186	-1.03193	-2.01141	
1.17884	1.33872	-1.0712	-1.91851	
1.20378	1.15505	-1.10877	-1.84075	
1.22503	0.970235	-1.14492	-1.77606	
1.24258	0.784043	-1.17988	-1.72237	
1.25639	0.596568	-1.21387	-1.67757	
1.26643	0.408159	-1.24703	-1.63958	
1.27271	0.219357	-1.27948	-1.60634	
1.27521	0.0308355	-1.3113	-1.57585	
1.27395	-0.156654	-1.34252	-1.54622	
1.26896	-0.342318	-1.37315	-1.51568	
1.26027	-0.525346	-1.40313	-1.48258	
1.24797	-0.70492	-1.43242	-1.44538	
1.23211	-0.880216	-1.46091	-1.40265	
1.21279	-1.05039	-1.48848	-1.353	
1.19013	-1.21459	-1.51498	-1.29506	
1.16425	-1.37189	-1.54022	-1.22743	
1.13531	-1.52137	-1.564	-1.14872	
1.10346	-1.66205	-1.58608	-1.05746	
1.06889	-1.79299	-1.60621	-0.952246	
1.03181	-1.91331	-1.62407	-0.831696	
0.992434	-2.02225	-1.63936	-0.694608	
0.950998	-2.1193	-1.65174	-0.540043	
0.907742	-2.20431	-1.66085	-0.367442	
0.862905	-2.27753	-1.66632	-0.176728	
0.816714	-2.33976	-1.6678	0.0316415	
0.769378	-2.39237	-1.66494	0.256678	
0.721071	-2.4373	-1.65743	0.496945	
0.671922	-2.47701	-1.64497	0.750728	
0.622006	-2.51443	-1.62732	1.01627	
0.571338	-2.55285	-1.60425	1.29206	
0.519862	-2.59581	-1.57558	1.57711	
0.46745	-2.64709	-1.54111	1.8713	
0.413896	-2.71071	-1.50066	2.17563	
0.35891	-2.79108	-1.454	2.49255	
0.302108	-2.89319	-1.40084	2.82633	
0.242998	-3.02307	-1.34079	3.18357	
0.18095	-3.18835	-1.27328	3.57396	
0.115162	-3.39911	-1.19752	4.01132	
0.0445931	-3.66896	-1.11239	4.51508	
-0.0321081	-4.01565	-1.0163	5.11119	
-0.116675	-4.45825	-0.907128	5.8286	
-0.21111	-4.99877	-0.782278	6.67445	
-0.316781	-5.55381	-0.639935	7.54051	
-0.431506	-5.8428	-0.483025	8.04782	
-0.546608	-5.5766	-0.323273	7.80538	
-0.651968	-4.92784	-0.17424	7.05867	
-0.743451	-4.2286	-0.0411231	6.26849	
-0.821687	-3.6112	0.0774603	5.61625	
-0.888516	-3.08554	0.184536	5.11444	
-0.945586	-2.6316	0.282853	4.73515	
-0.994118	-2.22867	0.374567	4.44995	
-1.03497	-1.86078	0.46133	4.23688	
-1.06871	-1.51645	0.544415	4.0798	
-1.09573	-1.18767	0.624814	3.96665	
-1.11628	-0.868988	0.70331	3.88805	
-1.13053	-0.556962	0.780515	3.8363	
-1.13859	-0.249701	0.856896	3.80465	
-1.14055	0.0533944	0.932794	3.78694	
-1.13648	0.351861	1.00843	3.77734	
-1.12651	0.64438	1.0839	3.77026	
-1.11076	0.928988	1.15922	3.76043	
-1.08942	1.2033	1.23427	3.74291	
-1.06271	1.46475	1.30886	3.71333	
-1.03093	1.71078	1.3827	3.66793	
-0.994402	1.93904	1.45545	3.6037	
-0.953502	2.1475	1.5267	3.51839	
-0.908645	2.33451	1.59603	3.41044	
-0.860273	2.49882	1.66297	3.27898	
-0.80885	2.63954	1.72703	3.12361	
-0.754853	2.75614	1.78775	2.94442	
-0.698767	2.84839	1.84465	2.74181	
-0.641079	2.9164	1.89727	2.51656	
-0.58227	2.96061	1.94517	2.26981	
-0.522808	2.98187	1.98793	2.0031	
-0.46314	2.98147	2.02518	1.71846	
-0.403681	2.96124	2.05657	1.4184	
-0.344807	2.92351	2.08183	1.10591	
-0.286839	2.87109	2.10074	0.784328	
-0.23004	2.80721	2.11316	0.457207	
-0.174604	2.73536	2.11902	0.128065	
-0.120654	2.65917	2.1183	-0.199852	
-0.0682419	2.58222	2.11105	-0.523805	
-0.0173478	2.50791	2.09738	-0.841754	
0.0321133	2.43942	2.07743	-1.15248	
0.0802868	2.37961	2.05133	-1.45568	
0.127373	2.33108	2.01925	-1.75193	
0.173621	2.29625	1.98129	-2.04272	
0.21933	2.27742	1.93756	-2.33047	
0.26484	2.27693	1.88807	-2.61846	
0.310546	2.29739	1.83279	-2.91098	
0.356895	2.34179	1.77157	-3.21344	
0.404402	2.41379	1.70414	-3.53257	
0.453661	2.51789	1.6301	-3.87665	
0.505367	2.65942	1.54885	-4.2556	
0.560324	2.8439	1.45957	-4.68016	
0.619431	3.07423	1.36128	-5.15851	
0.683553	3.3424	1.2529	-5.68528	
0.753137	3.60975	1.13383	-6.21498	
0.827311	3.78053	1.00508	-6.62563	
0.902818	3.72491	0.870757	-6.74892	
0.974485	3.40353	0.737412	-6.53881	
1.03786	2.91826	0.610476	-6.13884	
1.09094	2.38937	0.492006	-5.71285	
1.13356	1.87764	0.38159	-5.34028	
1.16627	1.39915	0.277917	-5.03856	
1.18974	0.952131	0.179622	-4.80047	
1.20453	0.530361	0.0855652	-4.61235	
1.21108	0.128	-0.00511254	-4.46038	
1.20975	-0.259129	-0.0930071	-4.33207	
1.2008	-0.633385	-0.178479	-4.21635	
1.18449	-0.995499	-0.261679	-4.10337	
1.16107	-1.34487	-0.342572	-3.98421	
1.13079	-1.6799	-0.420953	-3.85088	
1.09398	-1.99832	-0.496466	-3.69635	
1.05099	-2.2976	-0.568625	-3.51463	
1.00222	-2.57528	-0.636838	-3.30098	
0.948135	-2.82939	-0.700429	-3.05207	
0.889211	-3.05879	-0.758672	-2.76603	
0.825949	-3.26339	-0.81082	-2.4425	
0.758833	-3.44442	-0.856128	-2.08243	
0.688313	-3.60446	-0.893887	-1.68782	
0.614769	-3.74753	-0.923428	-1.26124	
0.538489	-3.87899	-0.94414	-0.805272	
0.459642	-4.0055	-0.955456	-0.321835	
0.378249	-4.13503	-0.956835	0.188544	
0.29416	-4.27686	-0.947725	0.727496	
0.207022	-4.44178	-0.927515	1.29952	
0.116253	-4.64217	-0.895473	1.91236	
0.0210095	-4.89134	-0.850681	2.57614	
-0.0798007	-5.19995	-0.792035	3.29808	
-0.187364	-5.56298	-0.718448	4.06388	
-0.302343	-5.92541	-0.629711	4.78931	
-0.4234	-6.13919	-0.528555	5.26097	
-0.545722	-6.03523	-0.422655	5.24071	
-0.662801	-5.63861	-0.322006	4.77097	
-0.770562	-5.13333	-0.23298	4.12242	
-0.868301	-4.64934	-0.156969	3.4894	
-0.956954	-4.22677	-0.0928491	2.93752	
-1.03778	-3.86476	-0.0388872	2.47239	
-1.11187	-3.55168	0.00655005	2.08285	
-1.18009	-3.27555	0.0448441	1.75606	
-1.24307	-3.0265	0.0771385	1.48131	
-1.30128	-2.79692	0.104388	1.25037	
-1.35504	-2.58105	0.127403	1.05702	
-1.40458	-2.37457	0.146887	0.896526	
-1.45006	-2.17425	0.163458	0.765124	
-1.49158	-1.97768	0.177666	0.659722	
-1.52918	-1.78309	0.190002	0.577637	
-1.56291	-1.5892	0.20091	0.516433	
-1.59275	-1.39511	0.210784	0.473806	
-1.61871	-1.20023	0.219971	0.447511	
-1.64075	-1.00421	0.228778	0.435317	
-1.65887	-0.806873	0.237463	0.434978	
-1.67302	-0.608213	0.246241	0.444222	
-1.68319	-0.408334	0.25528	0.460745	
-1.68934	-0.207443	0.264704	0.48221	
-1.69148	-0.00582854	0.274586	0.506247	
-1.68958	0.196148	0.284955	0.530464	
-1.68363	0.398067	0.29579	0.552447	
-1.67366	0.599463	0.307022	0.569779	
-1.65966	0.799836	0.318534	0.580043	
-1.64167	0.998669	0.33016	0.580844	
-1.61973	1.19545	0.341689	0.569828	
-1.59387	1.38972	0.352859	0.544703	
-1.56416	1.58107	0.363368	0.503262	
-1.53065	1.76922	0.372867	0.443411	
-1.49341	1.9541	0.380969	0.363179	
-1.45251	2.13585	0.387246	0.260733	
-1.408	2.31497	0.391238	0.134355	
-1.35992	2.49234	0.39245	-0.0175945	
-1.3083	2.66941	0.390353	-0.19677	
-1.25313	2.84822	0.384386	-0.404985	
-1.19434	3.03166	0.373946	-0.644435	
-1.13181	3.22357	0.358381	-0.918027	
-1.06531	3.42912	0.33697	-1.22983	
-0.99451	3.65512	0.308894	-1.58573	
-0.91891	3.91063	0.273191	-1.9942	
-0.837809	4.20754	0.228697	-2.4672	
-0.750233	4.56086	0.173969	-3.02045	
-0.65489	4.98674	0.107232	-3.6704	
-0.550226	5.49163	0.0264843	-4.4184	
-0.434937	6.03475	-0.0697571	-5.19738	
-0.309615	6.45614	-0.180085	-5.77062	
-0.1792	6.51342	-0.296748	-5.78629	
-0.0517163	6.18918	-0.407491	-5.21559	
0.067415	5.71829	-0.503726	-4.393	
0.17723	5.27428	-0.583262	-3.57074	
0.27891	4.90693	-0.647098	-2.82727	
0.373997	4.61278	-0.696901	-2.16567	
0.463801	4.37584	-0.734172	-1.57124	
0.549305	4.18016	-0.760101	-1.02949	
0.631192	4.01228	-0.775632	-0.530007	
0.709908	3.8613	-0.781539	-0.0663832	
0.785697	3.71835	-0.778504	0.364646	
0.858647	3.57619	-0.767163	0.764129	
0.928711	3.42904	-0.748151	1.13171	
0.995744	3.27236	-0.722115	1.46632	
1.05952	3.10287	-0.689726	1.76674	
1.11976	2.91841	-0.65168	2.03205	
1.17615	2.71794	-0.608681	2.26193	
1.22837	2.50139	-0.561436	2.45687	
1.2761	2.2695	-0.51063	2.61824	
1.31906	2.02366	-0.456915	2.7483	
1.35697	1.76574	-0.400887	2.8501	
1.38962	1.49782	-0.343075	2.92738	
1.41683	1.22202	-0.283927	2.9844	
1.43846	0.940321	-0.223803	3.0258	
1.45441	0.654411	-0.162966	3.05648	
1.46462	0.365519	-0.101581	3.0815	
1.46902	0.0743232	-0.0397093	3.10603	
1.46757	-0.219151	0.0226919	3.13535	
1.46023	-0.515623	0.085773	3.17494	
1.44692	-0.816653	0.149796	3.23059	
1.42752	-1.12476	0.215146	3.30864	
1.40186	-1.44357	0.282338	3.41616	
1.36967	-1.77788	0.352042	3.56125	
1.3306	-2.13371	0.425099	3.75306	
1.28414	-2.51757	0.502539	4.00094	
1.22968	-2.93413	0.585555	4.31114	
1.16658	-3.37929	0.675365	4.67715	
1.09449	-3.82478	0.772757	5.05786	
1.01405	-4.1988	0.877103	5.35003	
0.927697	-4.40202	0.985182	5.40971	
0.839417	-4.39419	1.09147	5.17334	
0.752904	-4.24179	1.19069	4.72595	
0.670051	-4.04185	1.27997	4.19651	
0.591136	-3.8544	1.35855	3.66411	
0.515637	-3.70201	1.42671	3.15713	
0.442797	-3.58823	1.48503	2.67862	
0.371873	-3.50957	1.53401	2.22274	
0.302216	-3.46055	1.57404	1.7819	
0.233292	-3.43546	1.60534	1.34926	
0.164676	-3.42877	1.62802	0.919549	
0.0960538	-3.43513	1.64212	0.489231	
0.0272193	-3.44916	1.64758	0.0565294	
-0.0419272	-3.46539	1.64436	-0.378643	
-0.111374	-3.47819	1.63242	-0.81478	
-0.180993	-3.48176	1.61178	-1.24894	
-0.250544	-3.47028	1.58251	-1.677	
-0.319666	-3.43809	1.54478	-2.09394	
-0.387894	-3.37993	1.49886	-2.49432	
-0.45466	-3.29129	1.44515	-2.87272	
-0.519318	-3.16857	1.38413	-3.22422	
-0.581159	-3.00938	1.31639	-3.54492	
-0.639442	-2.81266	1.24256	-3.83233	
-0.693417	-2.57869	1.16332	-4.08571	
-0.742351	-2.30898	1.07935	-4.30626	
-0.785554	-2.00603	0.991268	-4.49724	
-0.822392	-1.67298	0.899621	-4.66389	
-0.852295	-1.31308	0.804827	-4.81334	
-0.874755	-0.929144	0.707144	-4.95445	
-0.889312	-0.522972	0.606635	-5.09784	
-0.895527	-0.0946746	0.503133	-5.25593	
-0.892938	0.357994	0.396202	-5.44343	
-0.88101	0.840347	0.285083	-5.67802	
-0.859067	1.36135	0.168625	-5.98132	
-0.826217	1.93322	0.0452033	-6.37877	
-0.781324	2.56657	-0.0873169	-6.89405	
-0.723202	3.2499	-0.231337	-7.52213	
-0.651568	3.89061	-0.388255	-8.14894	
-0.569437	4.25342	-0.555204	-8.46293	
-0.48471	4.14407	-0.722744	-8.19878	
-0.405896	3.70691	-0.880499	-7.54306	
-0.336868	3.19806	-1.02414	-6.82897	
-0.277621	2.73844	-1.1543	-6.20594	
-0.226837	2.35186	-1.27313	-5.69522	
-0.183107	2.03104	-1.38274	-5.27958	
-0.145241	1.76355	-1.4848	-4.93725	
-0.112283	1.53859	-1.5806	-4.65013	
-0.0834695	1.34792	-1.67108	-4.40446	
-0.0581783	1.18551	-1.75698	-4.19001	
-0.0358903	1.04697	-1.83884	-3.99915	
-0.0161621	0.929062	-1.91707	-3.82608	
0.00139343	0.82936	-1.99197	-3.6664	
0.017121	0.745981	-2.06379	-3.51675	
0.0313312	0.677384	-2.13269	-3.37454	
0.0443059	0.622225	-2.19881	-3.23787	
0.0563013	0.579238	-2.26223	-3.1054	
0.0675482	0.547156	-2.32305	-2.97631	
0.0782514	0.524639	-2.38131	-2.85026	
0.0885879	0.510236	-2.43708	-2.72733	
0.0987044	0.50237	-2.49042	-2.60806	
0.108715	0.499336	-2.54143	-2.49333	
0.118698	0.499339	-2.59019	-2.38431	
0.128696	0.500534	-2.63685	-2.28242	
0.138715	0.501097	-2.68155	-2.1892	
0.148724	0.499302	-2.72449	-2.10618	
0.158661	0.493594	-2.76587	-2.03481	
0.168433	0.48266	-2.80596	-1.97634	
0.177926	0.465486	-2.84502	-1.93172	
0.187006	0.441386	-2.88333	-1.9016	
0.195533	0.410023	-2.92118	-1.88625	
0.203359	0.371396	-2.95888	-1.88559	
0.210342	0.32582	-2.9967	-1.89922	
0.216349	0.273887	-3.03494	-1.92649	
0.221261	0.216422	-3.07385	-1.9665	
0.224976	0.154443	-3.11368	-2.01825	
0.227416	0.0891075	-3.15465	-2.08061	
0.228526	0.0216818	-3.19696	-2.15243	
0.228278	-0.0464992	-3.2408	-2.23257	
0.226671	-0.114057	-3.28631	-2.31993	
0.223729	-0.179591	-3.33364	-2.41347	
0.21951	-0.241698	-3.38289	-2.51223	
0.214094	-0.298981	-3.43416	-2.61535	
0.207592	-0.350062	-3.48752	-2.72204	
0.200142	-0.393592	-3.54306	-2.83163	
0.191907	-0.428258	-3.60081	-2.94353	
0.183079	-0.452795	-3.66081	-3.05729	
0.173871	-0.465995	-3.72311	-3.17256	
0.164522	-0.466715	-3.78772	-3.28915	
0.155293	-0.453886	-3.85468	-3.40706	
0.146464	-0.426513	-3.92401	-3.52648	
0.138335	-0.383671	-3.99575	-3.64787	
0.131226	-0.324489	-4.06995	-3.77199	
0.12547	-0.248117	-4.14666	-3.89998	
0.121422	-0.153681	-4.22598	-4.03343	
0.11945	-0.0401981	-4.30805	-4.17448	
0.119949	0.0935228	-4.39303	-4.32597	
0.123336	0.249036	-4.48118	-4.49162	
0.130069	0.428464	-4.57282	-4.67627	
0.140654	0.634771	-4.6684	-4.88632	
0.155667	0.872132	-4.7685	-5.13022	
0.175784	1.14637	-4.87391	-5.4192	
0.201819	1.46537	-4.98567	-5.76805	
0.234762	1.8388	-5.10515	-6.19529	
0.275794	2.27528	-5.23413	-6.72008	
0.326173	2.76997	-5.37465	-7.34676	
0.38664	3.26695	-5.52832	-8.01495	
0.455756	3.59587	-5.69414	-8.51215	
0.527727	3.52488	-5.86556	-8.53893	
0.593962	3.04858	-6.03244	-8.09298	
0.648509	2.39486	-6.18817	-7.47572	
0.689745	1.73459	-6.33181	-6.90307	
0.718233	1.1235	-6.465	-6.43404	
0.735046	0.5662	-6.58981	-6.06038	
0.741186	0.0547996	-6.70789	-5.75827	
0.73749	-0.418562	-6.82046	-5.50426	
0.724663	-0.858908	-6.92825	-5.27854	
0.703339	-1.2684	-7.03168	-5.06488	
0.674132	-1.64703	-7.13084	-4.8501	
0.637673	-1.99335	-7.2256	-4.62368	
0.594628	-2.30526	-7.31565	-4.37757	
0.545706	-2.58067	-7.40054	-4.10615	
0.491655	-2.81803	-7.47971	-3.80614	
0.433243	-3.01679	-7.55258	-3.47655	
0.371237	-3.17758	-7.61858	-3.11842	
0.30638	-3.30239	-7.67715	-2.73454	
0.239361	-3.3944	-7.72782	-2.32892	
0.170794	-3.45791	-7.77019	-1.90638	
0.101201	-3.49801	-7.80399	-1.47192	
0.0309927	-3.5203	-7.82902	-1.03024	
-0.0395323	-3.5307	-7.84518	-0.585287	
-0.110196	-3.53514	-7.85243	-0.139914	
-0.180937	-3.53949	-7.85078	0.304398	
-0.251813	-3.54946	-7.84026	0.747681	
-0.322991	-3.57064	-7.82087	1.19153	
-0.394749	-3.60848	-7.79258	1.63907	
-0.467476	-3.66821	-7.75526	2.09461	
-0.541655	-3.75438	-7.70871	2.56283	
-0.617845	-3.86941	-7.65264	3.04653	
-0.696603	-4.00976	-7.58677	3.54128	
-0.778295	-4.15798	-7.51106	4.02424	
-0.862697	-4.27125	-7.42625	4.43839	
-0.948448	-4.28059	-7.3346	4.69183	
-1.03283	-4.12903	-7.24017	4.71105	
-1.11259	-3.82724	-7.1476	4.51793	
-1.18537	-3.44302	-7.06019	4.21342	
-1.2502	-3.04082	-6.97916	3.89211	
-1.30711	-2.6543	-6.90428	3.60391	
-1.35655	-2.29369	-6.83467	3.36483	
-1.39903	-1.95826	-6.76936	3.17479	
-1.43501	-1.64361	-6.70739	3.028	
-1.46488	-1.34477	-6.648	2.91736	
-1.48888	-1.05733	-6.59051	2.83607	
-1.50722	-0.77772	-6.5344	2.77796	
-1.52002	-0.503203	-6.47927	2.73753	
-1.52737	-0.23181	-6.42481	2.70971	
-1.52931	0.0377424	-6.37083	2.6898	
-1.52587	0.306128	-6.3172	2.67326	
-1.51707	0.573471	-6.2639	2.65569	
-1.50294	0.839408	-6.21101	2.63273	
-1.48351	1.10315	-6.15866	2.60007	
-1.45883	1.36355	-6.1071	2.55349	
-1.429	1.61921	-6.05664	2.48889	
-1.39411	1.86859	-6.00769	2.40241	
-1.35431	2.11014	-5.96071	2.29053	
-1.30976	2.34246	-5.91626	2.15018	
-1.26068	2.56447	-5.87491	1.97881	
-1.20726	2.7756	-5.83732	1.77451	
-1.14972	2.97596	-5.80416	1.53596	
-1.08828	3.16648	-5.77612	1.26243	
-1.02312	3.3491	-5.7539	0.953527	
-0.954353	3.5269	-5.73822	0.609003	
-0.882046	3.70425	-5.72978	0.228287	
-0.806148	3.88696	-5.72933	-0.190042	
-0.726482	4.08259	-5.73765	-0.648964	
-0.642695	4.30077	-5.7556	-1.15382	
-0.554221	4.55355	-5.78417	-1.71312	
-0.460226	4.85549	-5.82456	-2.33861	
-0.359572	5.22156	-5.87824	-3.04227	
-0.250888	5.65757	-5.94678	-3.82235	
-0.133007	6.12882	-6.03128	-4.61873	
-0.00637331	6.49976	-6.13032	-5.22836	
0.124799	6.55201	-6.23697	-5.33423	
0.253168	6.23726	-6.33974	-4.86779	
0.373175	5.75357	-6.4298	-4.11728	
0.483387	5.27632	-6.50432	-3.34282	
0.584686	4.86563	-6.56402	-2.64119	
0.678474	4.52362	-6.61055	-2.02548	
0.765997	4.23665	-6.64554	-1.48513	
0.848207	3.98995	-6.67037	-1.00701	
0.92578	3.77112	-6.68616	-0.580727	
0.999172	3.5704	-6.69389	-0.199039	
1.06867	3.38028	-6.69439	0.14277	
1.13442	3.19507	-6.68843	0.447679	
1.19647	3.01051	-6.67672	0.7176	
1.25482	2.82356	-6.65995	0.953888	
1.30939	2.6322	-6.63878	1.15772	
1.36007	2.43522	-6.61385	1.33037	
1.40675	2.23212	-6.58576	1.47332	
1.44931	2.02295	-6.5551	1.5884	
1.48763	1.80819	-6.5224	1.67776	
1.52161	1.5886	-6.48814	1.74389	
1.55115	1.3651	-6.45278	1.78951	
1.57619	1.13871	-6.41668	1.81757	
1.59669	0.910402	-6.38017	1.83115	
1.6126	0.681066	-6.34351	1.8334	
1.62393	0.451445	-6.30689	1.82751	
1.63066	0.222084	-6.27044	1.81664	
1.63282	-0.00669621	-6.23424	1.80394	
1.6304	-0.234826	-6.19828	1.7925	
1.62343	-0.462509	-6.16251	1.78542	
1.6119	-0.690244	-6.12681	1.78579	
1.59581	-0.918858	-6.091	1.79676	
1.57513	-1.14954	-6.05485	1.82161	
1.5498	-1.38389	-6.01802	1.86385	
1.51974	-1.62403	-5.98015	1.92733	
1.48479	-1.87265	-5.94076	2.01637	
1.44475	-2.13318	-5.89929	2.13594	
1.39935	-2.40984	-5.85508	2.29175	
1.34822	-2.70764	-5.80734	2.49015	
1.29087	-3.03193	-5.75515	2.73739	
1.22674	-3.38672	-5.69749	3.03716	
1.15521	-3.77023	-5.63334	3.38399	
1.07584	-4.16499	-5.562	3.74906	
0.988837	-4.52373	-5.48373	4.05997	
0.895649	-4.77006	-5.40073	4.20181	
0.799197	-4.84609	-5.31742	4.08531	
0.702837	-4.77022	-5.23894	3.73013	
0.608915	-4.61489	-5.16914	3.23491	
0.518339	-4.4436	-5.10987	2.68851	
0.431057	-4.2885	-5.06163	2.1376	
0.346623	-4.15928	-5.02429	1.59869	
0.26452	-4.05478	-4.99758	1.07434	
0.184303	-3.96959	-4.98123	0.562471	
0.105654	-3.89685	-4.97501	0.0605121	
0.0283944	-3.82933	-4.97875	-0.433039	
-0.0475065	-3.75983	-4.99228	-0.918139	
-0.121939	-3.68136	-5.01541	-1.39322	
-0.194657	-3.58728	-5.04792	-1.85548	
-0.265285	-3.47153	-5.08952	-2.30128	
-0.333338	-3.32885	-5.13984	-2.72673	
-0.398231	-3.15497	-5.19843	-3.12821	
-0.459308	-2.94685	-5.26479	-3.50304	
-0.515864	-2.70272	-5.33837	-3.84999	
-0.567173	-2.42204	-5.41861	-4.16971	
-0.612505	-2.10528	-5.50499	-4.46513	
